
OD=[ 1.000000000000000e+00     1.500000000000000e-02                         0                         0
     2.000000000000000e+00     1.500000000000000e-02                         0                         0
     3.000000000000000e+00     1.500000000000000e-02                         0                         0
     4.000000000000000e+00     1.500000000000000e-02                         0                         0
     5.000000000000000e+00     1.500000000000000e-02                         0                         0
     6.000000000000000e+00     1.500000000000000e-02                         0                         0
     7.000000000000000e+00     1.500000000000000e-02                         0                         0
     8.000000000000000e+00     1.500000000000000e-02                         0                         0
     9.000000000000000e+00     1.500000000000000e-02                         0                         0
     1.000000000000000e+01     1.500000000000000e-02                         0                         0
     1.100000000000000e+01     1.500000000000000e-02                         0                         0
     1.200000000000000e+01     1.500000000000000e-02                         0                         0
     1.300000000000000e+01     3.235333123530471e-04                         0                         0
     1.400000000000000e+01     1.454473886570759e-03     1.606711428972693e-02     8.033557144863465e-03
     1.500000000000000e+01     1.466205546037810e-03     1.606711428972693e-02     8.033557144863465e-03
     1.600000000000000e+01     1.478031832046631e-03     1.606711428972693e-02     8.033557144863465e-03
     1.700000000000000e+01     1.489953507846378e-03     1.606711428972693e-02     8.033557144863465e-03
     1.800000000000000e+01     1.501971342843092e-03     1.606711428972693e-02     8.033557144863465e-03
     1.900000000000000e+01     1.514086112648319e-03     1.606711428972693e-02     8.033557144863465e-03
     2.000000000000000e+01     1.526298599129797e-03     1.606711428972693e-02     8.033557144863465e-03
     2.100000000000000e+01     1.538609590461662e-03     1.606711428972693e-02     8.033557144863465e-03
     2.200000000000000e+01     1.551019881175467e-03     1.606711428972693e-02     8.033557144863465e-03
     2.300000000000000e+01     1.563530272211469e-03     1.606711428972693e-02     8.033557144863465e-03
     2.400000000000000e+01     1.576141570969983e-03     1.606711428972693e-02     8.033557144863465e-03
     2.500000000000000e+01     1.588854591363945e-03     1.606711428972693e-02     8.033557144863465e-03
     2.600000000000000e+01     1.601670153871262e-03     1.606711428972693e-02     8.033557144863465e-03
     2.700000000000000e+01     1.614589085587551e-03     1.606711428972693e-02     8.033557144863465e-03
     2.800000000000000e+01     1.627612220279864e-03     1.606711428972693e-02     8.033557144863465e-03
     2.900000000000000e+01     1.640740398440435e-03     1.606711428972693e-02     8.033557144863465e-03
     3.000000000000000e+01     1.653974467340572e-03     1.606711428972693e-02     8.033557144863465e-03
     3.100000000000000e+01     1.667315281085727e-03     1.606711428972693e-02     8.033557144863465e-03
     3.200000000000000e+01     1.680763700670732e-03     1.606711428972693e-02     8.033557144863465e-03
     3.300000000000000e+01     1.694320594034640e-03     1.606711428972693e-02     8.033557144863465e-03
     3.400000000000000e+01     1.707986836117628e-03     1.606711428972693e-02     8.033557144863465e-03
     3.500000000000000e+01     1.721763308916727e-03     1.606711428972693e-02     8.033557144863465e-03
     3.600000000000000e+01     1.735650901543720e-03     1.606711428972693e-02     8.033557144863465e-03
     3.700000000000000e+01     1.749650510280990e-03     1.606711428972693e-02     8.033557144863465e-03
     3.800000000000000e+01     1.763763038640800e-03     1.606711428972693e-02     8.033557144863465e-03
     3.900000000000000e+01     1.777989397423255e-03     1.606711428972693e-02     8.033557144863465e-03
     4.000000000000000e+01     1.792330504774245e-03     1.606711428972693e-02     8.033557144863465e-03
     4.100000000000000e+01     1.806787286245962e-03     1.606711428972693e-02     8.033557144863465e-03
     4.200000000000000e+01     1.821360674855513e-03     1.606711428972693e-02     8.033557144863465e-03
     4.300000000000000e+01     1.836051611146319e-03     1.606711428972693e-02     8.033557144863465e-03
     4.400000000000000e+01     1.850861043247401e-03     1.606711428972693e-02     8.033557144863465e-03
     4.500000000000000e+01     2.221089398384544e-04     1.919457018464736e-03     9.597285092323680e-04];